0 0 0
0 0 0.0082353
0 0 0.016471
0 0 0.024706
0 0 0.032941
0 0 0.041176
0 0 0.049412
0 0 0.057647
0 0 0.065882
0 0 0.074118
0 0 0.082353
0 0 0.090588
0 0 0.098824
0 0 0.10706
0 0 0.11529
0 0 0.12353
0 0 0.13176
0 0 0.14
0 0 0.14824
0 0 0.15647
0 0 0.16471
0 0 0.17294
0 0 0.18118
0 0 0.18941
0 0 0.19765
0 0 0.20588
0 0 0.21412
0 0 0.22235
0 0 0.23059
0 0 0.23882
0 0 0.24706
0 0 0.25529
0 0 0.26353
0 0 0.27176
0 0 0.28
0 0 0.28824
0 0 0.29647
0 0 0.30471
0 0 0.31294
0 0 0.32118
0 0 0.32941
0 0 0.33765
0 0 0.34588
0 0 0.35412
0 0 0.36235
0 0 0.37059
0 0 0.37882
0 0 0.38706
0 0 0.39529
0 0 0.40353
0 0 0.41176
0 0 0.42
0 0 0.42824
0 0 0.43647
0 0 0.44471
0 0 0.45294
0 0 0.46118
0 0 0.46941
0 0 0.47765
0 0 0.48588
0 0 0.49412
0 0 0.50235
0 0 0.51059
0 0 0.51882
0 0 0.52706
0 0 0.53529
0 0 0.54353
0 0 0.55176
0 0 0.56
0 0 0.56824
0 0 0.57647
0 0 0.58471
0 0 0.59294
0 0 0.60118
0 0 0.60941
0 0 0.61765
0 0 0.62588
0 0 0.63412
0 0 0.64235
0 0 0.65059
0 0 0.65882
0 0 0.66706
0 0 0.67529
0 0 0.68353
0 0 0.69176
0 0 0.7
0 0.0058824 0.69176
0 0.011765 0.68353
0 0.017647 0.67529
0 0.023529 0.66706
0 0.029412 0.65882
0 0.035294 0.65059
0 0.041176 0.64235
0 0.047059 0.63412
0 0.052941 0.62588
0 0.058824 0.61765
0 0.064706 0.60941
0 0.070588 0.60118
0 0.076471 0.59294
0 0.082353 0.58471
0 0.088235 0.57647
0 0.094118 0.56824
0 0.1 0.56
0 0.10588 0.55176
0 0.11176 0.54353
0 0.11765 0.53529
0 0.12353 0.52706
0 0.12941 0.51882
0 0.13529 0.51059
0 0.14118 0.50235
0 0.14706 0.49412
0 0.15294 0.48588
0 0.15882 0.47765
0 0.16471 0.46941
0 0.17059 0.46118
0 0.17647 0.45294
0 0.18235 0.44471
0 0.18824 0.43647
0 0.19412 0.42824
0 0.2 0.42
0 0.20588 0.41176
0 0.21176 0.40353
0 0.21765 0.39529
0 0.22353 0.38706
0 0.22941 0.37882
0 0.23529 0.37059
0 0.24118 0.36235
0 0.24706 0.35412
0 0.25294 0.34588
0 0.25882 0.33765
0 0.26471 0.32941
0 0.27059 0.32118
0 0.27647 0.31294
0 0.28235 0.30471
0 0.28824 0.29647
0 0.29412 0.28824
0 0.3 0.28
0 0.30588 0.27176
0 0.31176 0.26353
0 0.31765 0.25529
0 0.32353 0.24706
0 0.32941 0.23882
0 0.33529 0.23059
0 0.34118 0.22235
0 0.34706 0.21412
0 0.35294 0.20588
0 0.35882 0.19765
0 0.36471 0.18941
0 0.37059 0.18118
0 0.37647 0.17294
0 0.38235 0.16471
0 0.38824 0.15647
0 0.39412 0.14824
0 0.4 0.14
0 0.40588 0.13176
0 0.41176 0.12353
0 0.41765 0.11529
0 0.42353 0.10706
0 0.42941 0.098824
0 0.43529 0.090588
0 0.44118 0.082353
0 0.44706 0.074118
0 0.45294 0.065882
0 0.45882 0.057647
0 0.46471 0.049412
0 0.47059 0.041176
0 0.47647 0.032941
0 0.48235 0.024706
0 0.48824 0.016471
0 0.49412 0.0082353
0 0.5 0
0.011765 0.50588 0.011765
0.023529 0.51176 0.023529
0.035294 0.51765 0.035294
0.047059 0.52353 0.047059
0.058824 0.52941 0.058824
0.070588 0.53529 0.070588
0.082353 0.54118 0.082353
0.094118 0.54706 0.094118
0.10588 0.55294 0.10588
0.11765 0.55882 0.11765
0.12941 0.56471 0.12941
0.14118 0.57059 0.14118
0.15294 0.57647 0.15294
0.16471 0.58235 0.16471
0.17647 0.58824 0.17647
0.18824 0.59412 0.18824
0.2 0.6 0.2
0.21176 0.60588 0.21176
0.22353 0.61176 0.22353
0.23529 0.61765 0.23529
0.24706 0.62353 0.24706
0.25882 0.62941 0.25882
0.27059 0.63529 0.27059
0.28235 0.64118 0.28235
0.29412 0.64706 0.29412
0.30588 0.65294 0.30588
0.31765 0.65882 0.31765
0.32941 0.66471 0.32941
0.34118 0.67059 0.34118
0.35294 0.67647 0.35294
0.36471 0.68235 0.36471
0.37647 0.68824 0.37647
0.38824 0.69412 0.38824
0.4 0.7 0.4
0.41176 0.70588 0.41176
0.42353 0.71176 0.42353
0.43529 0.71765 0.43529
0.44706 0.72353 0.44706
0.45882 0.72941 0.45882
0.47059 0.73529 0.47059
0.48235 0.74118 0.48235
0.49412 0.74706 0.49412
0.50588 0.75294 0.50588
0.51765 0.75882 0.51765
0.52941 0.76471 0.52941
0.54118 0.77059 0.54118
0.55294 0.77647 0.55294
0.56471 0.78235 0.56471
0.57647 0.78824 0.57647
0.58824 0.79412 0.58824
0.6 0.8 0.6
0.61176 0.80588 0.61176
0.62353 0.81176 0.62353
0.63529 0.81765 0.63529
0.64706 0.82353 0.64706
0.65882 0.82941 0.65882
0.67059 0.83529 0.67059
0.68235 0.84118 0.68235
0.69412 0.84706 0.69412
0.70588 0.85294 0.70588
0.71765 0.85882 0.71765
0.72941 0.86471 0.72941
0.74118 0.87059 0.74118
0.75294 0.87647 0.75294
0.76471 0.88235 0.76471
0.77647 0.88824 0.77647
0.78824 0.89412 0.78824
0.8 0.9 0.8
0.81176 0.90588 0.81176
0.82353 0.91176 0.82353
0.83529 0.91765 0.83529
0.84706 0.92353 0.84706
0.85882 0.92941 0.85882
0.87059 0.93529 0.87059
0.88235 0.94118 0.88235
0.89412 0.94706 0.89412
0.90588 0.95294 0.90588
0.91765 0.95882 0.91765
0.92941 0.96471 0.92941
0.94118 0.97059 0.94118
0.95294 0.97647 0.95294
0.96471 0.98235 0.96471
0.97647 0.98824 0.97647
0.98824 0.99412 0.98824
1 1 1
