0 0 0.5
0.0031373 0.0031373 0.50157
0.0062745 0.0062745 0.50314
0.0094118 0.0094118 0.50471
0.012549 0.012549 0.50627
0.015686 0.015686 0.50784
0.018824 0.018824 0.50941
0.021961 0.021961 0.51098
0.025098 0.025098 0.51255
0.028235 0.028235 0.51412
0.031373 0.031373 0.51569
0.03451 0.03451 0.51725
0.037647 0.037647 0.51882
0.040784 0.040784 0.52039
0.043922 0.043922 0.52196
0.047059 0.047059 0.52353
0.050196 0.050196 0.5251
0.053333 0.053333 0.52667
0.056471 0.056471 0.52824
0.059608 0.059608 0.5298
0.062745 0.062745 0.53137
0.065882 0.065882 0.53294
0.06902 0.06902 0.53451
0.072157 0.072157 0.53608
0.075294 0.075294 0.53765
0.078431 0.078431 0.53922
0.081569 0.081569 0.54078
0.084706 0.084706 0.54235
0.087843 0.087843 0.54392
0.09098 0.09098 0.54549
0.094118 0.094118 0.54706
0.097255 0.097255 0.54863
0.10039 0.10039 0.5502
0.10353 0.10353 0.55176
0.10667 0.10667 0.55333
0.1098 0.1098 0.5549
0.11294 0.11294 0.55647
0.11608 0.11608 0.55804
0.11922 0.11922 0.55961
0.12235 0.12235 0.56118
0.12549 0.12549 0.56275
0.12863 0.12863 0.56431
0.13176 0.13176 0.56588
0.1349 0.1349 0.56745
0.13804 0.13804 0.56902
0.14118 0.14118 0.57059
0.14431 0.14431 0.57216
0.14745 0.14745 0.57373
0.15059 0.15059 0.57529
0.15373 0.15373 0.57686
0.15686 0.15686 0.57843
0.16 0.16 0.58
0.16314 0.16314 0.58157
0.16627 0.16627 0.58314
0.16941 0.16941 0.58471
0.17255 0.17255 0.58627
0.17569 0.17569 0.58784
0.17882 0.17882 0.58941
0.18196 0.18196 0.59098
0.1851 0.1851 0.59255
0.18824 0.18824 0.59412
0.19137 0.19137 0.59569
0.19451 0.19451 0.59725
0.19765 0.19765 0.59882
0.20039 0.20039 0.59882
0.20196 0.20196 0.59412
0.20353 0.20353 0.58941
0.2051 0.2051 0.58471
0.20667 0.20667 0.58
0.20824 0.20824 0.57529
0.2098 0.2098 0.57059
0.21137 0.21137 0.56588
0.21294 0.21294 0.56118
0.21451 0.21451 0.55647
0.21608 0.21608 0.55176
0.21765 0.21765 0.54706
0.21922 0.21922 0.54235
0.22078 0.22078 0.53765
0.22235 0.22235 0.53294
0.22392 0.22392 0.52824
0.22549 0.22549 0.52353
0.22706 0.22706 0.51882
0.22863 0.22863 0.51412
0.2302 0.2302 0.50941
0.23176 0.23176 0.50471
0.23333 0.23333 0.5
0.2349 0.2349 0.49529
0.23647 0.23647 0.49059
0.23804 0.23804 0.48588
0.23961 0.23961 0.48118
0.24118 0.24118 0.47647
0.24275 0.24275 0.47176
0.24431 0.24431 0.46706
0.24588 0.24588 0.46235
0.24745 0.24745 0.45765
0.24902 0.24902 0.45294
0.25059 0.25059 0.44824
0.25216 0.25216 0.44353
0.25373 0.25373 0.43882
0.25529 0.25529 0.43412
0.25686 0.25686 0.42941
0.25843 0.25843 0.42471
0.26 0.26 0.42
0.26157 0.26157 0.41529
0.26314 0.26314 0.41059
0.26471 0.26471 0.40588
0.26627 0.26627 0.40118
0.26784 0.26784 0.39647
0.26941 0.26941 0.39176
0.27098 0.27098 0.38706
0.27255 0.27255 0.38235
0.27412 0.27412 0.37765
0.27569 0.27569 0.37294
0.27725 0.27725 0.36824
0.27882 0.27882 0.36353
0.28039 0.28039 0.35882
0.28196 0.28196 0.35412
0.28353 0.28353 0.34941
0.2851 0.2851 0.34471
0.28667 0.28667 0.34
0.28824 0.28824 0.33529
0.2898 0.2898 0.33059
0.29137 0.29137 0.32588
0.29294 0.29294 0.32118
0.29451 0.29451 0.31647
0.29608 0.29608 0.31176
0.29765 0.29765 0.30706
0.29922 0.29922 0.30235
0.30235 0.30235 0.30235
0.30706 0.30706 0.30706
0.31176 0.31176 0.31176
0.31647 0.31647 0.31647
0.32118 0.32118 0.32118
0.32588 0.32588 0.32588
0.33059 0.33059 0.33059
0.33529 0.33529 0.33529
0.34 0.34 0.34
0.34471 0.34471 0.34471
0.34941 0.34941 0.34941
0.35412 0.35412 0.35412
0.35882 0.35882 0.35882
0.36353 0.36353 0.36353
0.36824 0.36824 0.36824
0.37294 0.37294 0.37294
0.37765 0.37765 0.37765
0.38235 0.38235 0.38235
0.38706 0.38706 0.38706
0.39176 0.39176 0.39176
0.39647 0.39647 0.39647
0.40118 0.40118 0.40118
0.40588 0.40588 0.40588
0.41059 0.41059 0.41059
0.41529 0.41529 0.41529
0.42 0.42 0.42
0.42471 0.42471 0.42471
0.42941 0.42941 0.42941
0.43412 0.43412 0.43412
0.43882 0.43882 0.43882
0.44353 0.44353 0.44353
0.44824 0.44824 0.44824
0.45294 0.45294 0.45294
0.45765 0.45765 0.45765
0.46235 0.46235 0.46235
0.46706 0.46706 0.46706
0.47176 0.47176 0.47176
0.47647 0.47647 0.47647
0.48118 0.48118 0.48118
0.48588 0.48588 0.48588
0.49059 0.49059 0.49059
0.49529 0.49529 0.49529
0.5 0.5 0.5
0.50471 0.50471 0.50471
0.50941 0.50941 0.50941
0.51412 0.51412 0.51412
0.51882 0.51882 0.51882
0.52353 0.52353 0.52353
0.52824 0.52824 0.52824
0.53294 0.53294 0.53294
0.53765 0.53765 0.53765
0.54235 0.54235 0.54235
0.54706 0.54706 0.54706
0.55176 0.55176 0.55176
0.55647 0.55647 0.55647
0.56118 0.56118 0.56118
0.56588 0.56588 0.56588
0.57059 0.57059 0.57059
0.57529 0.57529 0.57529
0.58 0.58 0.58
0.58471 0.58471 0.58471
0.58941 0.58941 0.58941
0.59412 0.59412 0.59412
0.59882 0.59882 0.59882
0.60471 0.60471 0.6
0.61098 0.61098 0.6
0.61725 0.61725 0.6
0.62353 0.62353 0.6
0.6298 0.6298 0.6
0.63608 0.63608 0.6
0.64235 0.64235 0.6
0.64863 0.64863 0.6
0.6549 0.6549 0.6
0.66118 0.66118 0.6
0.66745 0.66745 0.6
0.67373 0.67373 0.6
0.68 0.68 0.6
0.68627 0.68627 0.6
0.69255 0.69255 0.6
0.69882 0.69882 0.6
0.7051 0.7051 0.6
0.71137 0.71137 0.6
0.71765 0.71765 0.6
0.72392 0.72392 0.6
0.7302 0.7302 0.6
0.73647 0.73647 0.6
0.74275 0.74275 0.6
0.74902 0.74902 0.6
0.75529 0.75529 0.6
0.76157 0.76157 0.6
0.76784 0.76784 0.6
0.77412 0.77412 0.6
0.78039 0.78039 0.6
0.78667 0.78667 0.6
0.79294 0.79294 0.6
0.79922 0.79922 0.6
0.80549 0.80549 0.6
0.81176 0.81176 0.6
0.81804 0.81804 0.6
0.82431 0.82431 0.6
0.83059 0.83059 0.6
0.83686 0.83686 0.6
0.84314 0.84314 0.6
0.84941 0.84941 0.6
0.85569 0.85569 0.6
0.86196 0.86196 0.6
0.86824 0.86824 0.6
0.87451 0.87451 0.6
0.88078 0.88078 0.6
0.88706 0.88706 0.6
0.89333 0.89333 0.6
0.89961 0.89961 0.6
0.90588 0.90588 0.6
0.91216 0.91216 0.6
0.91843 0.91843 0.6
0.92471 0.92471 0.6
0.93098 0.93098 0.6
0.93725 0.93725 0.6
0.94353 0.94353 0.6
0.9498 0.9498 0.6
0.95608 0.95608 0.6
0.96235 0.96235 0.6
0.96863 0.96863 0.6
0.9749 0.9749 0.6
0.98118 0.98118 0.6
0.98745 0.98745 0.6
0.99373 0.99373 0.6
1 1 0.6
